p232_001.wav,3.605,3.932, || 0.896,0.910, || 0.829,0.860, 
p232_010.wav,1.939,2.283, || 0.785,0.872, || 0.421,0.640, 
p232_002.wav,3.467,3.550, || 0.970,0.978, || 0.942,0.948, 
p232_017.wav,3.433,3.757, || 0.990,0.989, || 0.977,0.973, 
p232_009.wav,2.827,3.237, || 0.961,0.966, || 0.857,0.908, 
p232_012.wav,3.204,3.568, || 0.965,0.969, || 0.899,0.925, 
p232_016.wav,3.810,3.971, || 0.990,0.992, || 0.979,0.978, 
p232_014.wav,2.477,2.869, || 0.911,0.919, || 0.752,0.831, 
p232_015.wav,3.920,4.083, || 0.995,0.993, || 0.987,0.984, 
p232_013.wav,2.444,3.224, || 0.944,0.947, || 0.813,0.872, 
p232_020.wav,3.410,3.679, || 0.959,0.968, || 0.898,0.920, 
p232_003.wav,3.447,3.596, || 0.971,0.975, || 0.920,0.936, 
p232_028.wav,2.311,2.795, || 0.805,0.830, || 0.580,0.653, 
p232_011.wav,3.367,3.652, || 0.965,0.968, || 0.914,0.909, 
p232_027.wav,3.558,3.767, || 0.987,0.988, || 0.975,0.973, 
p232_007.wav,2.561,3.071, || 0.937,0.945, || 0.828,0.887, 
p232_025.wav,3.567,3.752, || 0.974,0.975, || 0.917,0.928, 
p232_019.wav,3.130,3.339, || 0.980,0.980, || 0.935,0.948, 
p232_029.wav,2.733,3.238, || 0.974,0.986, || 0.840,0.909, 
p232_006.wav,2.981,3.414, || 0.965,0.970, || 0.879,0.897, 
p232_034.wav,2.616,3.267, || 0.862,0.882, || 0.662,0.764, 
p232_033.wav,3.433,3.889, || 0.847,0.863, || 0.757,0.793, 
p232_024.wav,4.112,4.027, || 0.997,0.997, || 0.982,0.978, 
p232_031.wav,2.744,3.049, || 0.796,0.845, || 0.636,0.740, 
p232_032.wav,1.716,2.237, || 0.771,0.855, || 0.476,0.683, 
p232_005.wav,2.401,2.832, || 0.882,0.895, || 0.726,0.797, 
p232_035.wav,2.799,3.513, || 0.970,0.982, || 0.877,0.926, 
p232_022.wav,2.680,3.217, || 0.970,0.973, || 0.890,0.925, 
p232_030.wav,2.972,3.617, || 0.990,0.994, || 0.932,0.965, 
p232_041.wav,3.124,3.701, || 0.904,0.918, || 0.790,0.837, 
p232_045.wav,4.120,4.094, || 0.963,0.961, || 0.912,0.894, 
p232_039.wav,3.272,3.318, || 0.770,0.773, || 0.618,0.618, 
p232_037.wav,3.936,4.135, || 0.999,0.999, || 0.995,0.993, 
p232_042.wav,3.287,3.679, || 0.997,0.998, || 0.968,0.976, 
p232_046.wav,3.008,3.242, || 0.825,0.857, || 0.712,0.761, 
p232_036.wav,2.044,2.917, || 0.819,0.883, || 0.580,0.777, 
p232_044.wav,2.146,2.312, || 0.791,0.803, || 0.604,0.670, 
p232_038.wav,3.639,3.748, || 0.947,0.953, || 0.904,0.913, 
p232_051.wav,1.947,2.229, || 0.875,0.914, || 0.605,0.749, 
p232_047.wav,3.078,3.375, || 0.941,0.948, || 0.823,0.871, 
p232_040.wav,3.040,3.317, || 0.991,0.991, || 0.976,0.984, 
p232_021.wav,3.232,3.584, || 0.976,0.984, || 0.920,0.943, 
p232_053.wav,3.180,3.533, || 0.962,0.970, || 0.812,0.906, 
p232_048.wav,2.976,3.094, || 0.702,0.653, || 0.554,0.603, 
p232_043.wav,2.744,2.891, || 0.853,0.873, || 0.633,0.765, 
p232_050.wav,2.873,3.016, || 0.911,0.922, || 0.758,0.838, 
p232_023.wav,2.446,2.890, || 0.937,0.959, || 0.795,0.849, 
p232_052.wav,1.860,2.407, || 0.732,0.866, || 0.460,0.642, 
p232_055.wav,3.164,3.514, || 0.875,0.888, || 0.708,0.817, 
p232_049.wav,3.394,3.754, || 0.996,0.997, || 0.950,0.980, 
p232_057.wav,3.687,3.965, || 0.978,0.978, || 0.925,0.933, 
p232_060.wav,3.291,3.469, || 0.847,0.890, || 0.725,0.749, 
p232_056.wav,2.217,2.588, || 0.811,0.876, || 0.526,0.686, 
p232_061.wav,3.196,3.678, || 0.993,0.995, || 0.950,0.956, 
p232_059.wav,3.343,3.342, || 0.797,0.821, || 0.692,0.694, 
p232_064.wav,2.326,2.872, || 0.942,0.979, || 0.720,0.890, 
p232_065.wav,3.239,3.486, || 0.928,0.958, || 0.793,0.856, 
p232_062.wav,2.941,3.285, || 0.976,0.981, || 0.885,0.894, 
p232_058.wav,3.689,3.825, || 0.972,0.963, || 0.945,0.938, 
p232_063.wav,2.783,2.690, || 0.983,0.988, || 0.901,0.952, 
p232_054.wav,3.045,3.554, || 0.977,0.982, || 0.925,0.948, 
p232_072.wav,1.904,2.410, || 0.747,0.795, || 0.502,0.687, 
p232_073.wav,3.098,3.641, || 0.997,0.998, || 0.914,0.974, 
p232_074.wav,3.172,3.155, || 0.925,0.908, || 0.808,0.798, 
p232_068.wav,3.251,3.382, || 0.954,0.952, || 0.905,0.887, 
p232_071.wav,2.550,2.830, || 0.873,0.880, || 0.607,0.720, 
p232_076.wav,2.426,2.570, || 0.827,0.850, || 0.515,0.717, 
p232_078.wav,3.747,3.762, || 0.998,0.995, || 0.989,0.983, 
p232_079.wav,3.715,3.779, || 0.948,0.952, || 0.881,0.889, 
p232_075.wav,2.671,3.050, || 0.968,0.974, || 0.806,0.904, 
p232_070.wav,2.789,3.291, || 0.920,0.938, || 0.801,0.854, 
p232_066.wav,3.296,3.679, || 0.974,0.975, || 0.918,0.944, 
p232_069.wav,3.019,3.543, || 0.978,0.978, || 0.934,0.925, 
p232_067.wav,3.281,3.496, || 0.964,0.966, || 0.915,0.912, 
p232_077.wav,3.929,4.108, || 0.899,0.881, || 0.860,0.849, 
p232_080.wav,2.880,2.870, || 0.946,0.959, || 0.762,0.768, 
p232_084.wav,2.307,2.563, || 0.871,0.871, || 0.650,0.725, 
p232_087.wav,3.670,3.723, || 0.945,0.951, || 0.856,0.861, 
p232_086.wav,3.688,3.617, || 0.978,0.979, || 0.939,0.939, 
p232_091.wav,2.532,2.877, || 0.918,0.956, || 0.696,0.830, 
p232_082.wav,2.508,2.601, || 0.842,0.858, || 0.580,0.680, 
p232_083.wav,2.658,3.151, || 0.891,0.871, || 0.811,0.814, 
p232_089.wav,3.034,3.704, || 0.898,0.893, || 0.845,0.880, 
p232_085.wav,4.075,4.081, || 0.997,0.996, || 0.983,0.974, 
p232_092.wav,2.357,3.064, || 0.844,0.900, || 0.654,0.790, 
p232_081.wav,3.263,3.816, || 0.936,0.944, || 0.858,0.893, 
p232_093.wav,3.072,3.442, || 0.923,0.911, || 0.868,0.843, 
p232_097.wav,3.240,3.477, || 0.996,0.997, || 0.942,0.953, 
p232_096.wav,1.948,1.975, || 0.789,0.807, || 0.546,0.641, 
p232_088.wav,3.159,3.205, || 0.935,0.934, || 0.860,0.866, 
p232_100.wav,3.308,3.396, || 0.878,0.892, || 0.766,0.797, 
p232_094.wav,2.782,3.358, || 0.951,0.958, || 0.843,0.899, 
p232_102.wav,3.263,3.444, || 0.901,0.914, || 0.792,0.811, 
p232_105.wav,4.060,4.229, || 0.964,0.964, || 0.925,0.932, 
p232_098.wav,3.204,3.513, || 0.933,0.937, || 0.884,0.879, 
p232_095.wav,2.118,2.869, || 0.882,0.919, || 0.698,0.798, 
p232_090.wav,2.691,3.202, || 0.965,0.977, || 0.856,0.914, 
p232_099.wav,3.410,3.778, || 0.986,0.992, || 0.971,0.973, 
p232_101.wav,3.169,3.483, || 0.993,0.994, || 0.940,0.959, 
p232_112.wav,2.764,3.220, || 0.903,0.911, || 0.759,0.780, 
p232_107.wav,3.738,3.775, || 0.965,0.965, || 0.928,0.925, 
p232_110.wav,2.577,2.591, || 0.921,0.933, || 0.753,0.820, 
p232_103.wav,2.476,3.087, || 0.913,0.958, || 0.794,0.858, 
p232_106.wav,3.885,3.895, || 0.984,0.979, || 0.944,0.944, 
p232_108.wav,2.854,3.055, || 0.920,0.949, || 0.778,0.858, 
p232_120.wav,3.371,3.386, || 0.914,0.931, || 0.774,0.787, 
p232_109.wav,3.102,3.610, || 0.976,0.982, || 0.918,0.934, 
p232_113.wav,2.128,2.332, || 0.687,0.801, || 0.337,0.595, 
p232_116.wav,2.679,3.013, || 0.925,0.924, || 0.795,0.805, 
p232_124.wav,2.871,3.257, || 0.909,0.945, || 0.763,0.815, 
p232_117.wav,2.166,2.588, || 0.888,0.927, || 0.674,0.803, 
p232_115.wav,2.981,3.566, || 0.944,0.962, || 0.851,0.898, 
p232_118.wav,3.691,3.904, || 0.989,0.986, || 0.965,0.960, 
p232_104.wav,2.601,2.924, || 0.926,0.943, || 0.767,0.837, 
p232_128.wav,2.829,3.076, || 0.987,0.988, || 0.895,0.920, 
p232_126.wav,2.399,2.571, || 0.893,0.924, || 0.736,0.843, 
p232_125.wav,2.684,2.871, || 0.843,0.814, || 0.672,0.693, 
p232_127.wav,4.010,4.030, || 0.995,0.993, || 0.979,0.970, 
p232_119.wav,3.501,3.564, || 0.946,0.950, || 0.889,0.900, 
p232_121.wav,3.309,3.419, || 0.958,0.952, || 0.911,0.903, 
p232_130.wav,2.517,2.866, || 0.975,0.980, || 0.825,0.877, 
p232_123.wav,3.381,3.628, || 0.973,0.974, || 0.922,0.945, 
p232_129.wav,3.221,3.455, || 0.981,0.986, || 0.924,0.947, 
p232_131.wav,3.084,3.602, || 0.976,0.974, || 0.936,0.943, 
p232_134.wav,2.165,2.067, || 0.773,0.813, || 0.507,0.596, 
p232_114.wav,3.347,3.686, || 0.951,0.945, || 0.925,0.928, 
p232_132.wav,2.627,3.186, || 0.853,0.864, || 0.730,0.786, 
p232_137.wav,2.673,3.159, || 0.921,0.939, || 0.699,0.839, 
p232_138.wav,2.623,3.101, || 0.767,0.815, || 0.590,0.677, 
p232_136.wav,2.855,3.373, || 0.776,0.789, || 0.550,0.695, 
p232_135.wav,3.527,3.918, || 0.938,0.943, || 0.874,0.883, 
p232_141.wav,3.438,3.560, || 0.832,0.854, || 0.751,0.786, 
p232_140.wav,3.830,3.859, || 0.858,0.855, || 0.775,0.777, 
p232_133.wav,2.008,2.528, || 0.867,0.897, || 0.644,0.737, 
p232_143.wav,3.182,3.598, || 0.949,0.967, || 0.783,0.884, 
p232_154.wav,1.935,2.141, || 0.882,0.902, || 0.642,0.731, 
p232_139.wav,3.953,3.981, || 1.000,1.000, || 0.998,0.998, 
p232_144.wav,3.342,3.503, || 0.960,0.948, || 0.889,0.890, 
p232_146.wav,2.741,3.070, || 0.861,0.864, || 0.716,0.763, 
p232_147.wav,4.215,4.227, || 0.989,0.986, || 0.977,0.964, 
p232_150.wav,3.713,3.730, || 0.979,0.981, || 0.938,0.944, 
p232_152.wav,2.814,3.397, || 0.964,0.983, || 0.819,0.929, 
p232_151.wav,2.625,3.094, || 0.967,0.987, || 0.880,0.944, 
p232_153.wav,2.637,2.936, || 0.859,0.875, || 0.748,0.769, 
p232_145.wav,2.650,3.048, || 0.852,0.880, || 0.692,0.762, 
p232_159.wav,2.801,3.199, || 0.975,0.957, || 0.898,0.926, 
p232_156.wav,3.049,3.706, || 0.907,0.925, || 0.844,0.868, 
p232_142.wav,2.985,3.127, || 0.909,0.912, || 0.843,0.860, 
p232_148.wav,3.580,3.684, || 0.999,0.999, || 0.995,0.993, 
p232_165.wav,2.947,3.556, || 0.970,0.990, || 0.841,0.911, 
p232_162.wav,3.836,4.103, || 0.941,0.928, || 0.890,0.902, 
p232_155.wav,1.697,2.277, || 0.743,0.815, || 0.533,0.655, 
p232_158.wav,2.773,3.378, || 0.962,0.984, || 0.852,0.923, 
p232_161.wav,3.582,3.653, || 0.988,0.989, || 0.957,0.958, 
p232_172.wav,4.125,4.101, || 0.980,0.973, || 0.933,0.939, 
p232_173.wav,2.971,3.380, || 0.913,0.936, || 0.810,0.835, 
p232_171.wav,3.473,3.742, || 0.967,0.974, || 0.922,0.933, 
p232_164.wav,2.817,2.814, || 0.908,0.912, || 0.808,0.817, 
p232_163.wav,3.439,3.710, || 0.947,0.957, || 0.881,0.911, 
p232_170.wav,2.367,2.790, || 0.720,0.773, || 0.519,0.573, 
p232_160.wav,1.868,2.651, || 0.804,0.873, || 0.605,0.726, 
p232_169.wav,2.696,3.150, || 0.979,0.982, || 0.908,0.939, 
p232_174.wav,2.499,2.764, || 0.886,0.902, || 0.732,0.796, 
p232_167.wav,3.393,3.579, || 0.995,0.995, || 0.970,0.981, 
p232_176.wav,2.444,3.105, || 0.920,0.941, || 0.792,0.854, 
p232_183.wav,3.868,4.039, || 0.966,0.967, || 0.899,0.894, 
p232_187.wav,3.276,3.765, || 0.745,0.770, || 0.614,0.718, 
p232_185.wav,3.111,3.317, || 0.996,0.996, || 0.952,0.958, 
p232_190.wav,2.695,2.842, || 0.969,0.978, || 0.825,0.862, 
p232_184.wav,3.246,3.416, || 0.981,0.982, || 0.914,0.918, 
p232_181.wav,2.686,3.337, || 0.976,0.990, || 0.798,0.931, 
p232_178.wav,2.114,2.936, || 0.785,0.871, || 0.536,0.725, 
p232_186.wav,2.471,2.966, || 0.864,0.897, || 0.636,0.724, 
p232_177.wav,2.232,2.118, || 0.792,0.834, || 0.533,0.639, 
p232_175.wav,3.098,3.645, || 0.990,0.995, || 0.939,0.969, 
p232_179.wav,2.928,3.794, || 0.970,0.972, || 0.926,0.929, 
p232_189.wav,2.382,2.878, || 0.859,0.902, || 0.741,0.788, 
p232_180.wav,3.127,3.789, || 0.972,0.974, || 0.906,0.926, 
p232_182.wav,2.378,2.827, || 0.917,0.948, || 0.659,0.831, 
p232_194.wav,2.979,3.357, || 0.975,0.982, || 0.903,0.927, 
p232_191.wav,3.605,3.674, || 0.959,0.957, || 0.927,0.921, 
p232_196.wav,3.175,3.665, || 0.985,0.989, || 0.895,0.952, 
p232_193.wav,3.024,3.462, || 0.965,0.981, || 0.856,0.917, 
p232_203.wav,1.801,2.372, || 0.843,0.902, || 0.494,0.678, 
p232_200.wav,3.383,3.524, || 0.985,0.988, || 0.935,0.940, 
p232_195.wav,3.496,3.585, || 0.956,0.956, || 0.910,0.906, 
p232_199.wav,2.103,2.873, || 0.847,0.936, || 0.613,0.812, 
p232_198.wav,2.496,2.751, || 0.957,0.975, || 0.714,0.875, 
p232_208.wav,3.180,3.489, || 0.775,0.742, || 0.739,0.737, 
p232_188.wav,3.143,3.431, || 0.916,0.930, || 0.828,0.850, 
p232_202.wav,2.671,2.831, || 0.904,0.927, || 0.794,0.819, 
p232_205.wav,4.128,4.145, || 0.977,0.976, || 0.944,0.937, 
p232_206.wav,3.479,3.668, || 0.957,0.964, || 0.934,0.920, 
p232_207.wav,2.742,2.942, || 0.874,0.887, || 0.720,0.736, 
p232_204.wav,4.162,4.151, || 1.000,0.999, || 0.989,0.993, 
p232_209.wav,3.525,3.388, || 0.811,0.825, || 0.735,0.785, 
p232_210.wav,2.831,3.008, || 0.970,0.962, || 0.770,0.825, 
p232_201.wav,3.115,3.766, || 0.988,0.993, || 0.926,0.966, 
p232_211.wav,2.616,3.057, || 0.783,0.887, || 0.456,0.656, 
p232_197.wav,3.047,3.574, || 0.966,0.982, || 0.926,0.946, 
p232_215.wav,3.123,3.461, || 0.995,0.996, || 0.979,0.987, 
p232_217.wav,3.349,3.699, || 0.891,0.930, || 0.712,0.811, 
p232_228.wav,3.357,3.587, || 0.970,0.981, || 0.905,0.925, 
p232_225.wav,2.412,2.422, || 0.864,0.893, || 0.565,0.613, 
p232_213.wav,3.969,4.021, || 0.963,0.953, || 0.880,0.871, 
p232_218.wav,3.102,3.693, || 0.921,0.931, || 0.791,0.865, 
p232_214.wav,3.266,3.385, || 0.992,0.993, || 0.932,0.955, 
p232_226.wav,3.983,3.991, || 0.982,0.986, || 0.953,0.959, 
p232_220.wav,2.476,2.723, || 0.924,0.946, || 0.756,0.860, 
p232_219.wav,2.442,3.178, || 0.920,0.955, || 0.801,0.896, 
p232_216.wav,2.798,3.272, || 0.971,0.978, || 0.879,0.915, 
p232_221.wav,2.979,3.354, || 0.989,0.989, || 0.930,0.949, 
p232_223.wav,2.745,3.459, || 0.907,0.917, || 0.767,0.836, 
p232_236.wav,3.633,3.736, || 0.923,0.866, || 0.830,0.809, 
p232_224.wav,2.727,3.235, || 0.898,0.909, || 0.709,0.829, 
p232_239.wav,3.019,3.406, || 0.983,0.994, || 0.862,0.951, 
p232_234.wav,2.762,3.321, || 0.808,0.850, || 0.586,0.732, 
p232_241.wav,2.179,2.533, || 0.835,0.881, || 0.575,0.678, 
p232_231.wav,3.263,3.446, || 0.996,0.996, || 0.940,0.979, 
p232_227.wav,3.421,3.790, || 0.999,0.999, || 0.990,0.988, 
p232_229.wav,3.060,3.124, || 0.965,0.969, || 0.904,0.882, 
p232_230.wav,3.059,3.477, || 0.893,0.901, || 0.812,0.856, 
p232_243.wav,3.389,3.799, || 0.994,0.993, || 0.924,0.967, 
p232_238.wav,3.826,3.928, || 0.999,0.998, || 0.998,0.993, 
p232_237.wav,3.587,3.866, || 0.993,0.993, || 0.978,0.980, 
p232_232.wav,2.572,2.911, || 0.947,0.972, || 0.814,0.891, 
p232_242.wav,1.825,2.031, || 0.765,0.836, || 0.454,0.651, 
p232_245.wav,2.730,3.029, || 0.874,0.875, || 0.671,0.704, 
p232_235.wav,3.629,3.683, || 0.998,0.998, || 0.983,0.985, 
p232_247.wav,3.729,3.948, || 0.956,0.967, || 0.888,0.911, 
p232_240.wav,3.073,3.606, || 0.976,0.983, || 0.884,0.929, 
p232_244.wav,2.887,3.339, || 0.966,0.981, || 0.844,0.897, 
p232_246.wav,2.356,2.818, || 0.885,0.910, || 0.605,0.749, 
p232_248.wav,3.485,3.514, || 0.971,0.975, || 0.937,0.943, 
p232_256.wav,3.424,3.563, || 0.956,0.939, || 0.873,0.845, 
p232_265.wav,2.785,3.500, || 0.943,0.950, || 0.808,0.869, 
p232_251.wav,3.382,3.613, || 0.975,0.965, || 0.964,0.949, 
p232_252.wav,3.058,3.428, || 0.968,0.975, || 0.861,0.912, 
p232_250.wav,3.008,3.154, || 0.948,0.939, || 0.877,0.871, 
p232_253.wav,2.621,3.147, || 0.905,0.937, || 0.779,0.860, 
p232_255.wav,3.582,3.842, || 0.972,0.985, || 0.907,0.934, 
p232_254.wav,2.614,3.121, || 0.903,0.936, || 0.748,0.867, 
p232_257.wav,3.018,3.339, || 0.997,0.998, || 0.912,0.947, 
p232_249.wav,3.155,3.373, || 0.995,0.995, || 0.977,0.978, 
p232_266.wav,2.955,3.580, || 0.928,0.920, || 0.862,0.854, 
p232_263.wav,1.880,2.603, || 0.785,0.857, || 0.567,0.705, 
p232_264.wav,3.456,3.828, || 0.994,0.995, || 0.974,0.976, 
p232_261.wav,2.350,2.691, || 0.881,0.915, || 0.703,0.781, 
p232_267.wav,2.282,2.698, || 0.884,0.914, || 0.636,0.785, 
p232_260.wav,2.761,3.276, || 0.983,0.986, || 0.950,0.965, 
p232_269.wav,3.625,3.692, || 0.988,0.989, || 0.952,0.950, 
p232_268.wav,3.999,4.057, || 0.989,0.989, || 0.963,0.963, 
p232_258.wav,2.692,3.118, || 0.949,0.965, || 0.852,0.892, 
p232_272.wav,3.383,3.645, || 0.916,0.931, || 0.838,0.868, 
p232_271.wav,3.206,3.464, || 0.967,0.977, || 0.914,0.931, 
p232_279.wav,1.984,2.195, || 0.792,0.825, || 0.474,0.620, 
p232_273.wav,2.898,3.179, || 0.952,0.947, || 0.848,0.862, 
p232_278.wav,3.778,3.685, || 0.987,0.986, || 0.960,0.956, 
p232_275.wav,2.330,2.650, || 0.898,0.929, || 0.771,0.852, 
p232_274.wav,2.643,3.096, || 0.895,0.922, || 0.783,0.840, 
p232_270.wav,3.334,3.686, || 0.970,0.974, || 0.936,0.942, 
p232_276.wav,3.574,3.980, || 0.995,0.995, || 0.976,0.975, 
p232_277.wav,3.263,3.497, || 0.950,0.954, || 0.867,0.884, 
p232_280.wav,2.602,3.222, || 0.912,0.926, || 0.785,0.850, 
p232_259.wav,3.195,3.664, || 0.988,0.993, || 0.945,0.972, 
p232_290.wav,3.515,3.718, || 0.995,0.998, || 0.917,0.954, 
p232_281.wav,2.517,2.921, || 0.809,0.792, || 0.595,0.660, 
p232_288.wav,4.030,4.209, || 0.988,0.990, || 0.961,0.962, 
p232_283.wav,2.124,2.403, || 0.762,0.844, || 0.452,0.637, 
p232_285.wav,3.063,3.462, || 0.927,0.946, || 0.773,0.868, 
p232_289.wav,3.811,3.961, || 0.999,0.999, || 0.997,0.995, 
p232_298.wav,2.923,3.252, || 0.944,0.962, || 0.780,0.827, 
p232_296.wav,3.586,3.870, || 0.951,0.952, || 0.894,0.900, 
p232_294.wav,2.799,3.320, || 0.932,0.964, || 0.796,0.889, 
p232_286.wav,2.667,3.142, || 0.911,0.932, || 0.711,0.840, 
p232_295.wav,2.324,2.764, || 0.878,0.914, || 0.686,0.820, 
p232_291.wav,3.135,3.378, || 0.998,0.997, || 0.970,0.975, 
p232_287.wav,2.371,3.032, || 0.890,0.931, || 0.625,0.835, 
p232_284.wav,3.356,3.800, || 0.994,0.995, || 0.958,0.963, 
p232_293.wav,2.854,3.294, || 0.957,0.966, || 0.856,0.906, 
p232_282.wav,2.985,3.403, || 0.958,0.950, || 0.889,0.904, 
p232_300.wav,2.968,3.430, || 0.890,0.893, || 0.750,0.794, 
p232_292.wav,3.251,3.732, || 0.995,0.996, || 0.970,0.980, 
p232_305.wav,2.931,3.135, || 0.952,0.967, || 0.769,0.853, 
p232_299.wav,3.223,3.510, || 0.907,0.929, || 0.771,0.815, 
p232_297.wav,3.780,3.917, || 0.941,0.949, || 0.857,0.864, 
p232_310.wav,3.574,3.685, || 0.940,0.952, || 0.856,0.849, 
p232_303.wav,2.055,2.377, || 0.808,0.880, || 0.553,0.710, 
p232_306.wav,2.755,3.043, || 0.857,0.859, || 0.680,0.725, 
p232_311.wav,3.335,3.636, || 0.958,0.965, || 0.918,0.914, 
p232_308.wav,2.320,2.747, || 0.799,0.811, || 0.544,0.636, 
p232_312.wav,3.148,3.390, || 0.959,0.966, || 0.913,0.914, 
p232_313.wav,3.285,3.568, || 0.953,0.965, || 0.916,0.913, 
p232_315.wav,2.809,3.110, || 0.864,0.869, || 0.672,0.740, 
p232_302.wav,2.310,2.585, || 0.712,0.758, || 0.477,0.640, 
p232_309.wav,3.966,4.111, || 0.982,0.983, || 0.963,0.957, 
p232_301.wav,2.953,3.481, || 0.970,0.989, || 0.857,0.935, 
p232_316.wav,2.015,2.171, || 0.761,0.800, || 0.480,0.575, 
p232_317.wav,3.689,3.846, || 0.994,0.993, || 0.976,0.973, 
p232_314.wav,2.567,3.088, || 0.924,0.929, || 0.776,0.810, 
p232_323.wav,2.333,3.014, || 0.925,0.964, || 0.674,0.855, 
p232_324.wav,2.112,2.858, || 0.897,0.948, || 0.757,0.872, 
p232_321.wav,3.106,3.614, || 0.991,0.995, || 0.928,0.967, 
p232_320.wav,2.994,3.114, || 0.912,0.889, || 0.824,0.820, 
p232_318.wav,3.418,3.628, || 0.991,0.991, || 0.966,0.968, 
p232_307.wav,2.068,2.860, || 0.890,0.946, || 0.687,0.832, 
p232_329.wav,3.887,3.814, || 1.000,0.999, || 0.983,0.984, 
p232_322.wav,2.684,2.918, || 0.921,0.918, || 0.813,0.806, 
p232_330.wav,3.387,3.523, || 0.975,0.978, || 0.878,0.892, 
p232_319.wav,3.572,3.620, || 0.975,0.977, || 0.946,0.942, 
p232_326.wav,2.720,2.947, || 0.850,0.826, || 0.716,0.707, 
p232_332.wav,3.052,3.177, || 0.997,0.994, || 0.970,0.975, 
p232_333.wav,3.350,3.543, || 0.926,0.930, || 0.859,0.890, 
p232_328.wav,2.281,2.605, || 0.836,0.911, || 0.609,0.781, 
p232_331.wav,4.147,4.222, || 0.976,0.977, || 0.913,0.926, 
p232_325.wav,3.236,2.985, || 0.975,0.971, || 0.883,0.865, 
p232_327.wav,2.663,3.133, || 0.959,0.978, || 0.814,0.898, 
p232_340.wav,2.926,2.982, || 0.966,0.972, || 0.822,0.836, 
p232_338.wav,3.126,3.539, || 0.993,0.995, || 0.937,0.962, 
p232_339.wav,3.401,3.477, || 0.997,0.996, || 0.946,0.956, 
p232_337.wav,3.667,3.840, || 0.997,0.998, || 0.968,0.975, 
p232_334.wav,2.896,3.442, || 0.979,0.991, || 0.904,0.965, 
p232_336.wav,2.328,2.757, || 0.877,0.908, || 0.648,0.744, 
p232_341.wav,2.646,2.951, || 0.939,0.973, || 0.781,0.881, 
p232_346.wav,3.396,3.811, || 0.953,0.969, || 0.872,0.887, 
p232_335.wav,2.188,2.565, || 0.905,0.921, || 0.754,0.800, 
p232_344.wav,2.205,2.373, || 0.793,0.891, || 0.532,0.675, 
p232_347.wav,2.980,3.437, || 0.987,0.994, || 0.935,0.970, 
p232_352.wav,3.329,3.602, || 0.989,0.994, || 0.936,0.931, 
p232_342.wav,2.170,2.383, || 0.884,0.899, || 0.744,0.799, 
p232_353.wav,3.034,3.331, || 0.992,0.993, || 0.920,0.937, 
p232_349.wav,2.474,3.033, || 0.914,0.948, || 0.688,0.833, 
p232_348.wav,2.646,3.075, || 0.920,0.966, || 0.762,0.894, 
p232_350.wav,4.431,4.370, || 0.991,0.984, || 0.967,0.942, 
p232_351.wav,3.690,3.735, || 0.974,0.966, || 0.935,0.927, 
p232_355.wav,3.094,3.474, || 0.980,0.982, || 0.920,0.943, 
p232_357.wav,3.026,3.269, || 0.958,0.970, || 0.870,0.894, 
p232_359.wav,3.877,3.952, || 0.886,0.906, || 0.808,0.830, 
p232_354.wav,3.466,3.660, || 0.870,0.865, || 0.737,0.759, 
p232_356.wav,2.602,2.986, || 0.938,0.951, || 0.795,0.867, 
p232_371.wav,3.423,3.632, || 0.999,0.999, || 0.960,0.979, 
p232_361.wav,3.221,3.590, || 0.997,0.997, || 0.914,0.949, 
p232_360.wav,2.872,3.100, || 0.932,0.942, || 0.821,0.855, 
p232_370.wav,3.702,3.745, || 0.975,0.974, || 0.927,0.929, 
p232_343.wav,2.305,2.896, || 0.877,0.897, || 0.675,0.768, 
p232_358.wav,3.290,3.630, || 0.907,0.909, || 0.851,0.839, 
p232_368.wav,3.055,3.371, || 0.888,0.859, || 0.808,0.821, 
p232_367.wav,2.988,3.553, || 0.879,0.886, || 0.786,0.796, 
p232_362.wav,2.922,3.457, || 0.990,0.993, || 0.955,0.977, 
p232_366.wav,3.133,3.634, || 0.992,0.995, || 0.926,0.955, 
p232_365.wav,2.432,2.619, || 0.860,0.880, || 0.692,0.782, 
p232_364.wav,2.593,3.317, || 0.970,0.978, || 0.875,0.933, 
p232_363.wav,2.769,3.329, || 0.968,0.981, || 0.834,0.911, 
p232_372.wav,3.046,3.274, || 0.924,0.934, || 0.845,0.861, 
p232_373.wav,3.301,3.536, || 0.997,0.995, || 0.978,0.982, 
p232_369.wav,2.602,3.233, || 0.944,0.973, || 0.761,0.906, 
p232_383.wav,2.785,3.279, || 0.990,0.993, || 0.914,0.970, 
p232_374.wav,2.867,3.440, || 0.987,0.989, || 0.927,0.961, 
p232_377.wav,2.677,3.186, || 0.976,0.987, || 0.914,0.955, 
p232_375.wav,2.884,3.133, || 0.987,0.990, || 0.930,0.955, 
p232_382.wav,3.482,3.652, || 0.924,0.910, || 0.880,0.858, 
p232_380.wav,3.139,3.508, || 0.977,0.982, || 0.918,0.935, 
p232_378.wav,2.558,3.016, || 0.954,0.968, || 0.846,0.896, 
p232_385.wav,2.693,2.932, || 0.878,0.898, || 0.714,0.792, 
p232_384.wav,2.847,2.900, || 0.855,0.820, || 0.694,0.699, 
p232_379.wav,3.632,3.803, || 0.985,0.987, || 0.934,0.940, 
p232_389.wav,2.313,2.946, || 0.925,0.940, || 0.823,0.855, 
p232_381.wav,2.866,3.110, || 0.948,0.941, || 0.870,0.873, 
p232_390.wav,2.539,2.793, || 0.891,0.879, || 0.649,0.764, 
p232_388.wav,2.673,2.995, || 0.844,0.896, || 0.738,0.792, 
p232_386.wav,2.157,2.549, || 0.742,0.834, || 0.485,0.656, 
p232_396.wav,2.977,3.302, || 0.946,0.933, || 0.853,0.876, 
p232_391.wav,3.939,4.000, || 0.992,0.990, || 0.972,0.964, 
p232_392.wav,3.850,4.101, || 0.968,0.977, || 0.950,0.950, 
p232_387.wav,3.317,3.850, || 0.984,0.992, || 0.931,0.976, 
p232_394.wav,3.029,3.003, || 0.997,0.996, || 0.982,0.983, 
p232_397.wav,3.192,3.615, || 0.997,0.996, || 0.977,0.982, 
p232_400.wav,3.617,3.777, || 1.000,0.999, || 0.997,0.995, 
p232_407.wav,2.141,2.648, || 0.752,0.811, || 0.521,0.605, 
p232_405.wav,3.086,3.634, || 0.966,0.976, || 0.921,0.934, 
p232_403.wav,2.717,3.126, || 0.941,0.948, || 0.844,0.886, 
p232_404.wav,3.036,3.512, || 0.983,0.994, || 0.883,0.944, 
p232_402.wav,3.013,3.378, || 0.954,0.976, || 0.802,0.890, 
p232_398.wav,2.815,3.111, || 0.961,0.977, || 0.864,0.890, 
p232_399.wav,2.524,2.973, || 0.881,0.888, || 0.731,0.771, 
p232_393.wav,3.292,3.691, || 0.999,0.998, || 0.990,0.987, 
p232_411.wav,3.417,3.555, || 0.972,0.979, || 0.919,0.934, 
p232_414.wav,2.594,2.757, || 0.858,0.828, || 0.698,0.696, 
p232_412.wav,2.694,3.122, || 0.939,0.946, || 0.857,0.889, 
p232_413.wav,3.662,3.709, || 0.999,0.999, || 0.982,0.976, 
p232_409.wav,2.227,2.649, || 0.878,0.901, || 0.661,0.775, 
p257_001.wav,3.766,3.738, || 0.977,0.952, || 0.857,0.819, 
p232_415.wav,1.827,1.987, || 0.824,0.892, || 0.524,0.715, 
p232_410.wav,3.035,3.325, || 0.949,0.950, || 0.881,0.897, 
p257_002.wav,3.332,3.577, || 0.988,0.990, || 0.922,0.948, 
p257_004.wav,2.784,3.161, || 0.968,0.982, || 0.847,0.917, 
p257_010.wav,3.180,3.507, || 0.972,0.982, || 0.904,0.931, 
p257_009.wav,1.768,2.075, || 0.799,0.871, || 0.556,0.749, 
p257_008.wav,2.156,2.616, || 0.904,0.934, || 0.745,0.853, 
p257_012.wav,3.015,3.389, || 0.961,0.966, || 0.883,0.910, 
p257_011.wav,3.399,3.684, || 0.986,0.984, || 0.948,0.946, 
p257_007.wav,2.230,2.434, || 0.918,0.925, || 0.794,0.857, 
p257_003.wav,2.853,3.249, || 0.950,0.947, || 0.820,0.854, 
p257_013.wav,1.976,2.499, || 0.880,0.886, || 0.640,0.761, 
p257_017.wav,2.946,3.125, || 0.970,0.971, || 0.897,0.923, 
p257_015.wav,3.850,3.909, || 0.996,0.996, || 0.981,0.981, 
p257_006.wav,3.079,3.505, || 0.968,0.966, || 0.909,0.925, 
p257_014.wav,3.640,4.022, || 0.994,0.995, || 0.972,0.972, 
p257_016.wav,3.276,3.530, || 0.989,0.990, || 0.956,0.962, 
p257_020.wav,2.645,3.011, || 0.945,0.934, || 0.851,0.883, 
p257_026.wav,3.216,3.276, || 0.923,0.944, || 0.704,0.742, 
p257_025.wav,3.478,3.653, || 0.981,0.984, || 0.914,0.927, 
p257_018.wav,3.560,3.946, || 0.988,0.986, || 0.956,0.962, 
p257_027.wav,3.249,3.673, || 0.977,0.978, || 0.923,0.933, 
p257_031.wav,3.264,3.544, || 0.855,0.907, || 0.645,0.703, 
p257_029.wav,2.493,2.960, || 0.878,0.888, || 0.636,0.725, 
p257_019.wav,3.090,3.535, || 0.983,0.990, || 0.923,0.957, 
p257_033.wav,2.464,2.749, || 0.903,0.847, || 0.623,0.738, 
p257_022.wav,2.772,3.077, || 0.940,0.945, || 0.809,0.867, 
p257_034.wav,2.455,2.682, || 0.888,0.918, || 0.678,0.768, 
p257_028.wav,2.715,3.075, || 0.928,0.927, || 0.675,0.744, 
p257_024.wav,3.792,3.910, || 0.995,0.991, || 0.977,0.977, 
p257_032.wav,2.869,3.461, || 0.961,0.971, || 0.856,0.896, 
p257_037.wav,3.209,3.318, || 0.947,0.973, || 0.806,0.820, 
p257_030.wav,2.583,2.867, || 0.920,0.915, || 0.745,0.823, 
p257_036.wav,3.614,3.823, || 0.982,0.986, || 0.846,0.880, 
p257_035.wav,3.722,4.017, || 0.998,0.998, || 0.988,0.988, 
p257_042.wav,2.713,2.763, || 0.738,0.758, || 0.429,0.578, 
p257_040.wav,2.872,3.266, || 0.967,0.979, || 0.859,0.924, 
p257_041.wav,2.897,3.295, || 0.904,0.941, || 0.655,0.749, 
p257_045.wav,3.377,3.379, || 0.969,0.971, || 0.754,0.778, 
p257_023.wav,3.547,3.827, || 0.995,0.995, || 0.980,0.981, 
p257_038.wav,3.304,3.512, || 0.981,0.988, || 0.942,0.958, 
p257_039.wav,3.584,3.909, || 0.982,0.972, || 0.952,0.933, 
p257_044.wav,3.207,3.229, || 0.985,0.961, || 0.875,0.842, 
p257_043.wav,3.598,3.844, || 0.972,0.982, || 0.860,0.882, 
p257_048.wav,2.965,3.459, || 0.937,0.975, || 0.777,0.846, 
p257_050.wav,2.003,2.379, || 0.640,0.717, || 0.391,0.501, 
p257_046.wav,3.526,3.563, || 0.888,0.884, || 0.789,0.794, 
p257_047.wav,3.094,3.654, || 0.955,0.947, || 0.828,0.879, 
p257_056.wav,3.549,3.678, || 0.975,0.983, || 0.846,0.870, 
p257_049.wav,2.512,2.949, || 0.938,0.955, || 0.787,0.869, 
p257_052.wav,3.333,3.676, || 0.949,0.960, || 0.852,0.855, 
p257_055.wav,3.990,4.009, || 0.996,0.995, || 0.953,0.947, 
p257_051.wav,3.303,3.933, || 0.992,0.996, || 0.913,0.969, 
p257_054.wav,2.245,2.285, || 0.812,0.792, || 0.469,0.595, 
p257_058.wav,2.922,2.964, || 0.966,0.977, || 0.817,0.852, 
p257_053.wav,2.391,2.810, || 0.894,0.946, || 0.646,0.815, 
p257_059.wav,3.039,3.559, || 0.982,0.986, || 0.935,0.958, 
p257_064.wav,3.322,3.644, || 0.952,0.957, || 0.811,0.832, 
p257_057.wav,3.389,3.736, || 0.986,0.990, || 0.947,0.962, 
p257_063.wav,3.207,3.431, || 0.922,0.944, || 0.744,0.810, 
p257_060.wav,3.111,3.334, || 0.931,0.953, || 0.780,0.815, 
p257_061.wav,2.573,3.114, || 0.873,0.909, || 0.619,0.739, 
p257_062.wav,2.382,2.614, || 0.870,0.892, || 0.655,0.758, 
p257_065.wav,3.361,3.508, || 0.962,0.965, || 0.869,0.890, 
p257_069.wav,2.041,2.036, || 0.756,0.809, || 0.447,0.568, 
p257_067.wav,3.009,3.135, || 0.930,0.901, || 0.723,0.720, 
p257_072.wav,2.588,3.003, || 0.914,0.930, || 0.748,0.742, 
p257_070.wav,1.389,1.751, || 0.698,0.823, || 0.334,0.555, 
p257_068.wav,3.028,3.351, || 0.935,0.952, || 0.707,0.788, 
p257_066.wav,3.203,3.409, || 0.916,0.924, || 0.811,0.814, 
p257_073.wav,2.748,3.164, || 0.929,0.925, || 0.764,0.825, 
p257_075.wav,3.973,4.143, || 0.992,0.991, || 0.947,0.941, 
p257_078.wav,3.123,3.220, || 0.981,0.987, || 0.841,0.866, 
p257_074.wav,2.576,2.588, || 0.890,0.871, || 0.488,0.576, 
p257_076.wav,3.298,3.410, || 0.967,0.971, || 0.879,0.871, 
p257_077.wav,3.257,3.384, || 0.969,0.980, || 0.837,0.870, 
p257_071.wav,3.117,3.506, || 0.976,0.977, || 0.876,0.904, 
p257_079.wav,3.316,3.766, || 0.972,0.973, || 0.891,0.908, 
p257_081.wav,2.685,2.813, || 0.759,0.787, || 0.494,0.545, 
p257_085.wav,3.139,3.378, || 0.956,0.962, || 0.901,0.888, 
p257_083.wav,4.163,4.133, || 0.998,0.970, || 0.965,0.929, 
p257_082.wav,2.403,2.821, || 0.866,0.908, || 0.671,0.767, 
p257_080.wav,3.089,3.439, || 0.971,0.976, || 0.870,0.908, 
p257_087.wav,2.610,2.644, || 0.876,0.884, || 0.694,0.737, 
p257_086.wav,3.605,3.676, || 0.929,0.927, || 0.819,0.821, 
p257_093.wav,2.764,2.882, || 0.857,0.889, || 0.504,0.701, 
p257_088.wav,2.625,3.151, || 0.947,0.960, || 0.815,0.876, 
p257_090.wav,1.558,1.316, || 0.664,0.686, || 0.276,0.382, 
p257_089.wav,2.446,2.823, || 0.911,0.915, || 0.725,0.826, 
p257_091.wav,3.227,3.410, || 0.945,0.962, || 0.800,0.813, 
p257_084.wav,3.569,3.749, || 0.984,0.982, || 0.934,0.927, 
p257_094.wav,2.138,2.712, || 0.689,0.726, || 0.434,0.507, 
p257_092.wav,2.931,3.065, || 0.793,0.804, || 0.550,0.617, 
p257_100.wav,3.048,3.249, || 0.887,0.900, || 0.761,0.792, 
p257_096.wav,3.519,3.733, || 0.932,0.943, || 0.822,0.828, 
p257_095.wav,4.118,4.185, || 0.997,0.996, || 0.985,0.982, 
p257_097.wav,3.349,3.689, || 0.971,0.980, || 0.878,0.904, 
p257_098.wav,3.094,2.971, || 0.770,0.801, || 0.601,0.636, 
p257_104.wav,4.054,3.876, || 0.940,0.915, || 0.850,0.866, 
p257_102.wav,2.007,2.649, || 0.855,0.899, || 0.652,0.780, 
p257_099.wav,3.569,3.851, || 0.980,0.984, || 0.910,0.916, 
p257_108.wav,2.846,3.234, || 0.932,0.934, || 0.739,0.844, 
p257_105.wav,3.371,3.583, || 0.897,0.889, || 0.829,0.839, 
p257_106.wav,3.141,3.177, || 0.955,0.974, || 0.810,0.847, 
p257_110.wav,2.362,2.436, || 0.761,0.794, || 0.468,0.573, 
p257_107.wav,3.041,3.488, || 0.927,0.956, || 0.814,0.836, 
p257_103.wav,3.467,3.749, || 0.982,0.988, || 0.914,0.932, 
p257_109.wav,2.558,2.933, || 0.956,0.953, || 0.772,0.832, 
p257_101.wav,3.015,3.314, || 0.925,0.950, || 0.771,0.859, 
p257_114.wav,1.981,2.207, || 0.761,0.767, || 0.334,0.480, 
p257_120.wav,2.445,2.822, || 0.870,0.877, || 0.568,0.661, 
p257_112.wav,2.858,3.164, || 0.930,0.959, || 0.767,0.848, 
p257_113.wav,3.036,3.170, || 0.854,0.875, || 0.578,0.569, 
p257_115.wav,3.718,3.963, || 0.992,0.995, || 0.949,0.962, 
p257_118.wav,2.926,3.122, || 0.988,0.988, || 0.948,0.952, 
p257_117.wav,3.164,3.135, || 0.972,0.973, || 0.880,0.875, 
p257_119.wav,3.589,3.683, || 0.929,0.933, || 0.855,0.863, 
p257_121.wav,2.686,3.097, || 0.933,0.932, || 0.769,0.838, 
p257_111.wav,2.992,3.229, || 0.935,0.937, || 0.726,0.739, 
p257_116.wav,3.731,3.945, || 0.997,0.996, || 0.979,0.974, 
p257_126.wav,3.272,3.342, || 0.887,0.902, || 0.744,0.776, 
p257_123.wav,4.175,4.191, || 0.998,0.993, || 0.981,0.966, 
p257_122.wav,2.448,2.638, || 0.874,0.877, || 0.557,0.622, 
p257_125.wav,3.154,3.197, || 0.805,0.866, || 0.580,0.658, 
p257_124.wav,3.583,3.773, || 0.934,0.964, || 0.765,0.801, 
p257_136.wav,4.045,4.088, || 0.996,0.994, || 0.958,0.950, 
p257_130.wav,1.844,2.447, || 0.756,0.836, || 0.422,0.635, 
p257_129.wav,2.149,2.695, || 0.742,0.843, || 0.537,0.713, 
p257_133.wav,2.604,3.228, || 0.895,0.925, || 0.688,0.796, 
p257_139.wav,2.936,3.038, || 0.824,0.859, || 0.661,0.695, 
p257_131.wav,3.135,3.620, || 0.950,0.952, || 0.850,0.818, 
p257_128.wav,2.857,3.158, || 0.950,0.949, || 0.824,0.857, 
p257_127.wav,3.169,3.481, || 0.950,0.936, || 0.831,0.869, 
p257_137.wav,3.611,3.581, || 0.937,0.941, || 0.814,0.808, 
p257_135.wav,2.135,2.813, || 0.894,0.935, || 0.595,0.783, 
p257_140.wav,3.342,3.527, || 0.832,0.857, || 0.622,0.634, 
p257_138.wav,3.309,3.424, || 0.940,0.945, || 0.872,0.884, 
p257_132.wav,3.214,3.382, || 0.949,0.952, || 0.831,0.836, 
p257_142.wav,2.803,3.021, || 0.908,0.929, || 0.730,0.775, 
p257_141.wav,3.034,3.363, || 0.952,0.962, || 0.812,0.856, 
p257_146.wav,3.062,3.389, || 0.937,0.965, || 0.745,0.829, 
p257_144.wav,3.822,3.944, || 0.997,0.993, || 0.968,0.959, 
p257_150.wav,2.032,2.647, || 0.816,0.877, || 0.572,0.720, 
p257_143.wav,2.085,2.692, || 0.758,0.848, || 0.563,0.724, 
p257_152.wav,3.476,3.793, || 0.900,0.912, || 0.749,0.777, 
p257_151.wav,1.387,0.915, || 0.672,0.733, || 0.374,0.542, 
p257_145.wav,3.497,3.586, || 0.975,0.979, || 0.929,0.935, 
p257_153.wav,3.009,3.363, || 0.943,0.947, || 0.656,0.757, 
p257_155.wav,2.436,2.720, || 0.876,0.887, || 0.550,0.690, 
p257_154.wav,1.980,2.492, || 0.867,0.888, || 0.607,0.715, 
p257_147.wav,2.871,3.070, || 0.945,0.950, || 0.820,0.849, 
p257_149.wav,2.607,3.007, || 0.907,0.914, || 0.630,0.778, 
p257_158.wav,3.526,3.801, || 0.938,0.963, || 0.751,0.798, 
p257_156.wav,4.311,4.305, || 0.998,0.994, || 0.983,0.966, 
p257_148.wav,3.376,3.528, || 0.972,0.984, || 0.884,0.866, 
p257_157.wav,3.678,3.848, || 0.989,0.989, || 0.946,0.956, 
p257_159.wav,3.002,2.959, || 0.906,0.940, || 0.683,0.712, 
p257_161.wav,3.537,3.758, || 0.954,0.953, || 0.864,0.851, 
p257_160.wav,3.657,3.943, || 0.959,0.979, || 0.826,0.866, 
p257_165.wav,3.731,3.752, || 0.980,0.982, || 0.864,0.856, 
p257_166.wav,2.827,2.925, || 0.869,0.909, || 0.705,0.718, 
p257_168.wav,3.179,3.569, || 0.974,0.968, || 0.907,0.918, 
p257_167.wav,2.810,3.183, || 0.934,0.935, || 0.822,0.845, 
p257_163.wav,2.350,2.704, || 0.854,0.882, || 0.549,0.618, 
p257_164.wav,3.850,3.945, || 0.991,0.992, || 0.948,0.955, 
p257_162.wav,2.646,2.985, || 0.933,0.962, || 0.740,0.831, 
p257_170.wav,2.825,3.071, || 0.891,0.894, || 0.676,0.735, 
p257_169.wav,2.597,3.024, || 0.945,0.951, || 0.817,0.852, 
p257_174.wav,3.127,3.482, || 0.915,0.929, || 0.742,0.795, 
p257_172.wav,3.029,3.207, || 0.936,0.939, || 0.765,0.788, 
p257_177.wav,3.802,3.937, || 0.988,0.984, || 0.957,0.950, 
p257_175.wav,2.039,2.488, || 0.811,0.915, || 0.482,0.706, 
p257_173.wav,2.795,3.158, || 0.916,0.939, || 0.777,0.797, 
p257_176.wav,4.080,4.215, || 0.997,0.996, || 0.952,0.952, 
p257_179.wav,3.117,3.437, || 0.929,0.943, || 0.725,0.783, 
p257_171.wav,1.702,1.711, || 0.742,0.839, || 0.398,0.642, 
p257_181.wav,3.345,3.818, || 0.946,0.942, || 0.799,0.832, 
p257_180.wav,3.240,3.435, || 0.800,0.764, || 0.558,0.628, 
p257_182.wav,2.849,3.124, || 0.934,0.948, || 0.788,0.835, 
p257_187.wav,3.663,3.649, || 0.967,0.974, || 0.832,0.861, 
p257_185.wav,3.735,3.824, || 0.986,0.993, || 0.932,0.933, 
p257_183.wav,2.402,2.690, || 0.806,0.758, || 0.499,0.605, 
p257_178.wav,3.721,4.061, || 0.993,0.995, || 0.954,0.967, 
p257_189.wav,2.958,3.460, || 0.942,0.944, || 0.744,0.831, 
p257_188.wav,2.772,3.166, || 0.947,0.952, || 0.793,0.834, 
p257_192.wav,3.494,3.827, || 0.903,0.948, || 0.716,0.696, 
p257_184.wav,3.991,4.065, || 0.997,0.996, || 0.959,0.962, 
p257_186.wav,3.349,3.495, || 0.983,0.984, || 0.932,0.939, 
p257_190.wav,2.072,1.998, || 0.827,0.827, || 0.562,0.699, 
p257_193.wav,2.619,2.937, || 0.917,0.938, || 0.678,0.726, 
p257_191.wav,1.854,2.191, || 0.817,0.847, || 0.572,0.670, 
p257_196.wav,3.856,4.057, || 0.999,0.998, || 0.986,0.987, 
p257_194.wav,2.753,3.283, || 0.936,0.945, || 0.780,0.851, 
p257_197.wav,3.252,3.250, || 0.970,0.981, || 0.835,0.854, 
p257_195.wav,2.158,2.375, || 0.846,0.882, || 0.518,0.728, 
p257_201.wav,3.061,3.214, || 0.876,0.917, || 0.696,0.767, 
p257_198.wav,3.475,3.656, || 0.984,0.986, || 0.933,0.940, 
p257_203.wav,2.228,2.702, || 0.860,0.871, || 0.599,0.756, 
p257_200.wav,3.512,3.712, || 0.965,0.980, || 0.850,0.903, 
p257_205.wav,4.124,4.094, || 0.916,0.914, || 0.813,0.802, 
p257_204.wav,4.098,4.071, || 0.974,0.972, || 0.869,0.840, 
p257_202.wav,3.165,3.343, || 0.891,0.904, || 0.735,0.804, 
p257_199.wav,3.233,3.135, || 0.560,0.566, || 0.368,0.354, 
p257_207.wav,2.943,3.138, || 0.941,0.938, || 0.810,0.842, 
p257_209.wav,2.527,2.914, || 0.860,0.891, || 0.701,0.786, 
p257_213.wav,2.567,3.038, || 0.888,0.929, || 0.503,0.667, 
p257_211.wav,1.387,1.647, || 0.763,0.807, || 0.341,0.528, 
p257_206.wav,3.384,3.556, || 0.935,0.947, || 0.870,0.869, 
p257_208.wav,2.856,3.187, || 0.851,0.845, || 0.653,0.721, 
p257_210.wav,2.455,3.005, || 0.819,0.885, || 0.544,0.724, 
p257_212.wav,2.840,3.370, || 0.969,0.979, || 0.884,0.928, 
p257_215.wav,2.557,2.994, || 0.877,0.894, || 0.584,0.737, 
p257_218.wav,3.056,3.025, || 0.936,0.952, || 0.777,0.783, 
p257_214.wav,2.485,2.725, || 0.801,0.785, || 0.383,0.557, 
p257_217.wav,3.648,3.651, || 0.984,0.988, || 0.918,0.927, 
p257_220.wav,3.063,3.508, || 0.954,0.954, || 0.824,0.862, 
p257_216.wav,3.664,3.905, || 0.992,0.994, || 0.936,0.947, 
p257_219.wav,2.934,3.013, || 0.949,0.952, || 0.789,0.821, 
p257_221.wav,3.314,3.594, || 0.943,0.958, || 0.828,0.860, 
p257_222.wav,3.065,3.445, || 0.844,0.870, || 0.670,0.752, 
p257_227.wav,3.791,3.761, || 0.832,0.848, || 0.770,0.806, 
p257_228.wav,3.540,3.885, || 0.876,0.886, || 0.802,0.831, 
p257_225.wav,3.806,3.857, || 0.988,0.980, || 0.939,0.924, 
p257_229.wav,2.522,2.971, || 0.832,0.861, || 0.623,0.710, 
p257_226.wav,3.585,3.830, || 0.972,0.983, || 0.861,0.897, 
p257_224.wav,4.262,4.260, || 0.999,0.999, || 0.986,0.983, 
p257_230.wav,2.076,2.493, || 0.840,0.896, || 0.572,0.742, 
p257_223.wav,2.811,3.021, || 0.908,0.921, || 0.775,0.836, 
p257_235.wav,2.121,2.836, || 0.857,0.889, || 0.538,0.713, 
p257_233.wav,3.272,3.721, || 0.900,0.936, || 0.711,0.758, 
p257_234.wav,2.302,2.979, || 0.914,0.945, || 0.677,0.830, 
p257_232.wav,2.955,3.537, || 0.971,0.972, || 0.871,0.907, 
p257_238.wav,3.568,3.595, || 0.961,0.971, || 0.863,0.879, 
p257_241.wav,3.205,3.476, || 0.970,0.975, || 0.831,0.831, 
p257_239.wav,3.114,3.153, || 0.926,0.943, || 0.746,0.798, 
p257_231.wav,1.595,2.389, || 0.764,0.871, || 0.470,0.685, 
p257_240.wav,3.110,3.471, || 0.898,0.909, || 0.811,0.869, 
p257_237.wav,3.650,3.881, || 0.990,0.990, || 0.964,0.965, 
p257_242.wav,2.644,3.041, || 0.920,0.930, || 0.712,0.807, 
p257_236.wav,4.061,4.116, || 0.967,0.962, || 0.947,0.940, 
p257_244.wav,4.186,4.218, || 0.996,0.995, || 0.966,0.958, 
p257_243.wav,2.765,2.680, || 0.935,0.905, || 0.763,0.821, 
p257_245.wav,3.486,3.571, || 0.974,0.965, || 0.922,0.868, 
p257_246.wav,3.163,3.460, || 0.946,0.973, || 0.857,0.896, 
p257_250.wav,2.866,3.374, || 0.924,0.946, || 0.735,0.801, 
p257_249.wav,2.858,3.322, || 0.941,0.951, || 0.756,0.821, 
p257_247.wav,2.757,3.125, || 0.889,0.898, || 0.739,0.814, 
p257_251.wav,2.261,2.227, || 0.877,0.897, || 0.676,0.810, 
p257_248.wav,3.465,3.815, || 0.981,0.987, || 0.914,0.939, 
p257_257.wav,3.469,3.494, || 0.986,0.988, || 0.882,0.902, 
p257_255.wav,2.489,2.982, || 0.822,0.852, || 0.518,0.707, 
p257_252.wav,2.833,3.320, || 0.870,0.910, || 0.664,0.714, 
p257_259.wav,3.049,3.218, || 0.936,0.958, || 0.733,0.799, 
p257_254.wav,2.772,3.255, || 0.891,0.896, || 0.685,0.807, 
p257_253.wav,2.583,3.110, || 0.922,0.917, || 0.714,0.803, 
p257_256.wav,3.912,4.058, || 0.991,0.988, || 0.965,0.958, 
p257_264.wav,3.434,3.458, || 0.893,0.930, || 0.751,0.783, 
p257_263.wav,1.734,1.959, || 0.800,0.831, || 0.446,0.634, 
p257_260.wav,2.504,2.806, || 0.835,0.847, || 0.660,0.694, 
p257_258.wav,3.324,3.458, || 0.957,0.967, || 0.890,0.893, 
p257_261.wav,2.792,3.230, || 0.959,0.979, || 0.856,0.925, 
p257_265.wav,3.422,3.528, || 0.989,0.985, || 0.924,0.924, 
p257_266.wav,3.015,3.313, || 0.949,0.967, || 0.827,0.855, 
p257_267.wav,2.883,3.115, || 0.875,0.885, || 0.659,0.732, 
p257_262.wav,2.668,3.158, || 0.950,0.975, || 0.812,0.904, 
p257_269.wav,3.165,3.079, || 0.917,0.930, || 0.732,0.744, 
p257_268.wav,2.816,3.295, || 0.873,0.903, || 0.706,0.772, 
p257_270.wav,2.353,2.454, || 0.757,0.782, || 0.501,0.596, 
p257_272.wav,3.417,3.870, || 0.900,0.939, || 0.700,0.756, 
p257_274.wav,2.571,2.989, || 0.817,0.873, || 0.534,0.658, 
p257_273.wav,2.822,3.285, || 0.925,0.937, || 0.723,0.792, 
p257_271.wav,1.804,2.357, || 0.785,0.891, || 0.427,0.690, 
p257_281.wav,3.149,3.206, || 0.921,0.972, || 0.675,0.791, 
p257_275.wav,2.256,2.836, || 0.897,0.929, || 0.639,0.799, 
p257_278.wav,3.279,3.429, || 0.978,0.981, || 0.917,0.920, 
p257_276.wav,3.417,3.377, || 0.865,0.872, || 0.654,0.661, 
p257_279.wav,3.104,3.325, || 0.988,0.986, || 0.916,0.933, 
p257_277.wav,3.356,3.548, || 0.978,0.988, || 0.901,0.919, 
p257_285.wav,3.501,3.625, || 0.929,0.947, || 0.823,0.856, 
p257_282.wav,2.401,2.457, || 0.929,0.956, || 0.654,0.769, 
p257_280.wav,3.633,3.934, || 0.983,0.983, || 0.914,0.927, 
p257_283.wav,2.675,3.031, || 0.922,0.925, || 0.798,0.863, 
p257_286.wav,3.541,3.625, || 0.967,0.978, || 0.875,0.896, 
p257_291.wav,2.578,2.677, || 0.604,0.702, || 0.346,0.468, 
p257_293.wav,2.781,3.052, || 0.785,0.831, || 0.503,0.564, 
p257_284.wav,3.359,3.804, || 0.983,0.985, || 0.927,0.944, 
p257_296.wav,3.804,4.023, || 0.955,0.965, || 0.909,0.911, 
p257_294.wav,2.607,3.082, || 0.934,0.952, || 0.701,0.788, 
p257_292.wav,3.299,3.652, || 0.952,0.964, || 0.899,0.925, 
p257_289.wav,2.808,3.205, || 0.852,0.892, || 0.638,0.759, 
p257_288.wav,2.802,2.668, || 0.785,0.813, || 0.554,0.577, 
p257_295.wav,2.140,2.809, || 0.826,0.842, || 0.469,0.697, 
p257_298.wav,3.512,3.622, || 0.930,0.946, || 0.838,0.854, 
p257_290.wav,2.340,2.457, || 0.877,0.901, || 0.572,0.697, 
p257_287.wav,3.225,3.490, || 0.959,0.982, || 0.747,0.832, 
p257_301.wav,3.159,3.357, || 0.844,0.891, || 0.661,0.733, 
p257_297.wav,3.608,3.862, || 0.995,0.993, || 0.961,0.970, 
p257_300.wav,3.501,3.886, || 0.881,0.875, || 0.787,0.803, 
p257_299.wav,3.138,3.343, || 0.970,0.973, || 0.911,0.937, 
p257_302.wav,2.819,2.909, || 0.970,0.984, || 0.732,0.837, 
p257_304.wav,4.275,4.188, || 0.973,0.969, || 0.905,0.864, 
p257_309.wav,2.870,3.411, || 0.816,0.919, || 0.487,0.563, 
p257_306.wav,3.707,3.787, || 0.989,0.990, || 0.869,0.876, 
p257_310.wav,2.178,2.950, || 0.796,0.850, || 0.541,0.710, 
p257_308.wav,2.928,3.313, || 0.946,0.953, || 0.862,0.883, 
p257_305.wav,3.083,3.128, || 0.928,0.929, || 0.785,0.814, 
p257_313.wav,2.840,3.338, || 0.897,0.909, || 0.666,0.759, 
p257_312.wav,2.991,3.382, || 0.932,0.967, || 0.797,0.812, 
p257_307.wav,2.819,3.177, || 0.963,0.967, || 0.858,0.927, 
p257_315.wav,1.733,2.439, || 0.732,0.834, || 0.308,0.551, 
p257_314.wav,2.570,2.905, || 0.926,0.930, || 0.753,0.834, 
p257_316.wav,3.910,4.093, || 0.980,0.978, || 0.912,0.919, 
p257_321.wav,3.380,3.539, || 0.905,0.924, || 0.774,0.817, 
p257_303.wav,2.252,2.486, || 0.821,0.830, || 0.593,0.720, 
p257_325.wav,3.772,3.918, || 0.992,0.992, || 0.890,0.886, 
p257_323.wav,2.938,2.980, || 0.869,0.819, || 0.639,0.714, 
p257_317.wav,3.724,4.004, || 0.986,0.994, || 0.920,0.937, 
p257_328.wav,3.193,3.394, || 0.883,0.860, || 0.762,0.813, 
p257_329.wav,2.751,3.093, || 0.837,0.910, || 0.629,0.746, 
p257_311.wav,2.023,2.299, || 0.784,0.855, || 0.453,0.678, 
p257_322.wav,2.791,2.857, || 0.874,0.940, || 0.716,0.788, 
p257_320.wav,3.523,3.808, || 0.979,0.979, || 0.928,0.929, 
p257_318.wav,3.459,3.663, || 0.905,0.928, || 0.747,0.796, 
p257_326.wav,3.615,3.712, || 0.986,0.992, || 0.864,0.895, 
p257_324.wav,4.203,4.255, || 0.996,0.995, || 0.974,0.969, 
p257_319.wav,2.926,3.144, || 0.950,0.952, || 0.887,0.896, 
p257_327.wav,2.952,3.121, || 0.902,0.927, || 0.675,0.721, 
p257_331.wav,1.706,2.425, || 0.751,0.857, || 0.440,0.672, 
p257_330.wav,3.104,3.193, || 0.944,0.945, || 0.831,0.877, 
p257_335.wav,2.131,2.857, || 0.797,0.856, || 0.565,0.748, 
p257_333.wav,3.121,3.571, || 0.965,0.983, || 0.815,0.933, 
p257_332.wav,2.903,3.307, || 0.961,0.977, || 0.825,0.863, 
p257_337.wav,3.248,3.254, || 0.913,0.909, || 0.659,0.679, 
p257_334.wav,2.939,3.137, || 0.816,0.830, || 0.646,0.726, 
p257_340.wav,3.938,4.047, || 0.977,0.987, || 0.840,0.861, 
p257_344.wav,3.895,4.007, || 0.975,0.975, || 0.906,0.898, 
p257_342.wav,2.887,3.310, || 0.917,0.953, || 0.711,0.818, 
p257_338.wav,3.673,3.889, || 0.914,0.931, || 0.824,0.868, 
p257_345.wav,3.831,3.972, || 0.979,0.981, || 0.932,0.927, 
p257_336.wav,3.980,4.191, || 0.997,0.997, || 0.973,0.973, 
p257_341.wav,3.196,3.627, || 0.983,0.988, || 0.930,0.950, 
p257_346.wav,3.357,3.687, || 0.962,0.973, || 0.841,0.875, 
p257_339.wav,3.195,3.462, || 0.981,0.987, || 0.917,0.932, 
p257_343.wav,2.730,2.977, || 0.924,0.926, || 0.740,0.832, 
p257_353.wav,3.014,3.200, || 0.898,0.889, || 0.634,0.744, 
p257_355.wav,2.316,2.547, || 0.885,0.894, || 0.616,0.658, 
p257_347.wav,2.761,3.068, || 0.895,0.954, || 0.736,0.811, 
p257_352.wav,3.288,3.797, || 0.931,0.920, || 0.817,0.850, 
p257_349.wav,2.493,3.049, || 0.928,0.937, || 0.770,0.822, 
p257_348.wav,3.006,3.432, || 0.944,0.964, || 0.807,0.868, 
p257_350.wav,2.461,2.402, || 0.911,0.899, || 0.675,0.770, 
p257_354.wav,2.554,2.768, || 0.807,0.884, || 0.484,0.609, 
p257_356.wav,4.079,4.176, || 0.996,0.995, || 0.962,0.956, 
p257_357.wav,3.810,4.071, || 0.998,0.998, || 0.986,0.987, 
p257_359.wav,3.184,3.451, || 0.963,0.980, || 0.870,0.903, 
p257_361.wav,3.241,3.457, || 0.947,0.983, || 0.810,0.904, 
p257_351.wav,1.764,2.396, || 0.788,0.875, || 0.522,0.728, 
p257_370.wav,2.169,2.740, || 0.812,0.903, || 0.489,0.718, 
p257_371.wav,2.954,3.022, || 0.912,0.926, || 0.702,0.747, 
p257_368.wav,2.802,3.404, || 0.925,0.946, || 0.803,0.871, 
p257_360.wav,3.440,3.630, || 0.987,0.993, || 0.923,0.939, 
p257_358.wav,3.772,4.018, || 0.976,0.980, || 0.938,0.948, 
p257_364.wav,4.267,4.232, || 0.999,0.987, || 0.979,0.948, 
p257_362.wav,2.632,2.727, || 0.911,0.887, || 0.675,0.756, 
p257_373.wav,2.632,3.009, || 0.936,0.948, || 0.787,0.841, 
p257_367.wav,2.921,3.188, || 0.975,0.979, || 0.848,0.877, 
p257_366.wav,3.895,3.944, || 0.987,0.989, || 0.941,0.948, 
p257_363.wav,2.506,2.978, || 0.778,0.865, || 0.501,0.620, 
p257_372.wav,3.747,3.847, || 0.993,0.994, || 0.899,0.912, 
p257_375.wav,2.017,2.530, || 0.749,0.841, || 0.462,0.651, 
p257_369.wav,3.248,3.584, || 0.927,0.948, || 0.769,0.851, 
p257_365.wav,3.829,3.911, || 0.985,0.987, || 0.945,0.948, 
p257_378.wav,3.338,3.306, || 0.778,0.808, || 0.594,0.617, 
p257_377.wav,3.735,3.844, || 0.941,0.939, || 0.887,0.888, 
p257_376.wav,3.858,3.863, || 0.892,0.889, || 0.820,0.788, 
p257_374.wav,3.165,3.338, || 0.932,0.963, || 0.805,0.882, 
p257_381.wav,3.150,3.457, || 0.924,0.926, || 0.754,0.833, 
p257_380.wav,3.309,3.702, || 0.988,0.996, || 0.916,0.937, 
p257_385.wav,3.834,3.913, || 0.944,0.946, || 0.863,0.856, 
p257_382.wav,2.694,3.092, || 0.894,0.932, || 0.601,0.699, 
p257_379.wav,3.092,3.298, || 0.962,0.963, || 0.867,0.898, 
p257_387.wav,2.786,3.277, || 0.844,0.905, || 0.629,0.748, 
p257_383.wav,2.339,2.957, || 0.914,0.958, || 0.735,0.873, 
p257_388.wav,3.307,3.456, || 0.958,0.962, || 0.835,0.857, 
p257_390.wav,2.366,3.039, || 0.888,0.936, || 0.594,0.696, 
p257_384.wav,3.946,4.060, || 0.961,0.961, || 0.913,0.916, 
p257_386.wav,3.914,4.031, || 0.979,0.981, || 0.871,0.900, 
p257_389.wav,2.678,3.127, || 0.943,0.939, || 0.811,0.840, 
p257_392.wav,3.377,3.510, || 0.985,0.987, || 0.913,0.916, 
p257_393.wav,3.155,3.494, || 0.945,0.956, || 0.783,0.819, 
p257_396.wav,3.951,4.088, || 0.995,0.995, || 0.941,0.927, 
p257_391.wav,2.654,2.811, || 0.841,0.892, || 0.551,0.713, 
p257_397.wav,3.911,4.121, || 0.994,0.994, || 0.931,0.943, 
p257_395.wav,2.328,2.704, || 0.883,0.912, || 0.535,0.716, 
p257_399.wav,3.120,3.379, || 0.983,0.984, || 0.914,0.933, 
p257_398.wav,3.500,3.526, || 0.874,0.889, || 0.730,0.739, 
p257_404.wav,4.102,4.133, || 0.922,0.892, || 0.873,0.842, 
p257_394.wav,2.989,3.478, || 0.962,0.984, || 0.853,0.929, 
p257_401.wav,2.993,3.179, || 0.917,0.923, || 0.702,0.743, 
p257_400.wav,3.522,3.415, || 0.910,0.916, || 0.794,0.828, 
p257_409.wav,2.543,3.198, || 0.914,0.975, || 0.601,0.763, 
p257_406.wav,3.829,3.911, || 0.983,0.988, || 0.909,0.918, 
p257_408.wav,2.826,3.219, || 0.936,0.931, || 0.763,0.806, 
p257_402.wav,3.207,3.472, || 0.959,0.983, || 0.790,0.836, 
p257_417.wav,3.341,3.471, || 0.989,0.989, || 0.962,0.976, 
p257_407.wav,3.299,3.355, || 0.974,0.981, || 0.845,0.862, 
p257_403.wav,2.712,3.017, || 0.925,0.944, || 0.710,0.796, 
p257_405.wav,3.116,3.221, || 0.899,0.882, || 0.790,0.789, 
p257_413.wav,3.051,3.313, || 0.933,0.938, || 0.784,0.815, 
p257_412.wav,3.538,3.883, || 0.980,0.974, || 0.843,0.892, 
p257_415.wav,2.250,3.048, || 0.845,0.893, || 0.616,0.733, 
p257_410.wav,2.881,3.304, || 0.935,0.959, || 0.758,0.860, 
p257_421.wav,3.549,3.662, || 0.857,0.832, || 0.718,0.737, 
p257_411.wav,2.054,2.912, || 0.892,0.928, || 0.675,0.843, 
p257_419.wav,3.237,3.531, || 0.963,0.933, || 0.839,0.862, 
p257_420.wav,3.608,3.757, || 0.977,0.990, || 0.867,0.914, 
p257_414.wav,2.934,3.461, || 0.904,0.936, || 0.709,0.793, 
p257_425.wav,3.283,3.382, || 0.889,0.918, || 0.710,0.724, 
p257_424.wav,3.605,3.970, || 0.980,0.989, || 0.905,0.927, 
p257_429.wav,2.797,3.049, || 0.850,0.890, || 0.583,0.701, 
p257_428.wav,3.348,3.583, || 0.972,0.977, || 0.919,0.930, 
p257_422.wav,2.238,3.043, || 0.853,0.913, || 0.649,0.817, 
p257_427.wav,1.676,1.738, || 0.710,0.739, || 0.460,0.572, 
p257_416.wav,3.928,4.061, || 0.996,0.995, || 0.969,0.972, 
p257_423.wav,2.518,2.775, || 0.910,0.910, || 0.694,0.698, 
p257_418.wav,3.014,3.243, || 0.950,0.946, || 0.846,0.856, 
p257_431.wav,2.522,2.949, || 0.913,0.925, || 0.693,0.794, 
p257_433.wav,3.364,3.527, || 0.969,0.977, || 0.780,0.800, 
p257_434.wav,3.314,3.537, || 0.884,0.848, || 0.719,0.750, 
p257_432.wav,2.734,3.050, || 0.756,0.789, || 0.521,0.642, 
p257_426.wav,2.235,2.836, || 0.841,0.848, || 0.613,0.757, 
p257_430.wav,2.503,3.209, || 0.874,0.943, || 0.672,0.839, 
noisy pesq 3.0219238404799436
denoisy pesq 3.311277578322633
pesq 0.2893537378426894
noisy stoi 0.9210907583903419
denoisy stoi 0.9352591614501723
stoi 0.014168403059830314
noisy estoi 0.7867664907181602
denoisy estoi 0.8385090449449065
estoi 0.05174255422674608
number 824
